0 -8813.32
4.03027e-05 -8813.32
8.06053e-05 -8813.32
0.000120908 -8823.04
0.000161211 -8836.01
0.000201513 -8852.24
0.000241816 -8871.73
0.000282119 -8894.5
0.000322421 -8920.56
0.000362724 -8949.93
0.000403027 -8982.62
0.000443329 -9018.66
0.000483632 -9058.05
0.000523935 -9100.84
0.000564237 -9147.04
0.00060454 -9196.67
0.000644842 -9249.77
0.000685145 -9306.38
0.000725448 -9366.51
0.00076575 -9430.21
0.000806053 -9497.53
0.000846356 -9568.48
0.000886658 -9643.13
0.000926961 -9721.5
0.000967264 -9803.66
0.00100757 -9889.64
0.00104787 -9979.5
0.00108817 -10073.3
0.00112847 -10171.1
0.00116878 -10272.9
0.00120908 -10378.9
0.00124938 -10489
0.00128968 -10603.3
0.00132999 -10722
0.00137029 -10845
0.00141059 -10972.5
0.0014509 -11104.6
0.0014912 -11241.2
0.0015315 -11382.6
0.0015718 -11528.7
0.00161211 -11679.7
0.00165241 -11835.7
0.00169271 -11996.8
0.00173301 -12163
0.00177332 -12334.5
0.00181362 -12511.4
0.00185392 -12693.7
0.00189422 -12881.7
0.00193453 -13075.4
0.00197483 -13275
0.00201513 -13480.5
0.00205544 -13692.1
0.00209574 -13910
0.00213604 -14134.2
0.00217634 -14365
0.00221665 -14602.4
0.00225695 -14846.7
0.00229725 -15098
0.00233755 -15356.4
0.00237786 -15622.2
0.00241816 -15895.4
0.00245846 -16176.3
0.00249876 -16465.1
0.00253907 -16762
0.00257937 -17067.1
0.00261967 -17380.7
0.00265998 -17703
0.00270028 -18034.1
0.00274058 -18374.4
0.00278088 -18724.1
0.00282119 -19083.3
0.00286149 -19452.4
0.00290179 -19831.5
0.00294209 -20221.1
0.0029824 -20621.2
0.0030227 -21032.3
0.003063 -21454.6
0.0031033 -21888.4
0.00314361 -22334
0.00318391 -22791.7
0.00322421 -23261.9
0.00326452 -23744.9
0.00330482 -24241
0.00334512 -24750.6
0.00338542 -25274.1
0.00342573 -25811.8
0.00346603 -26364.2
0.00350633 -26931.7
0.00354663 -27514.7
0.00358694 -28113.5
0.00362724 -28728.8
0.00366754 -29360.8
0.00370784 -30010.2
0.00374815 -30677.4
0.00378845 -31362.9
0.00382875 -32067.2
0.00386905 -32790.9
0.00390936 -33534.5
0.00394966 -34298.7
0.00398996 -35084
0.00403027 -35891
0.00407057 -36720.4
0.00411087 -37572.9
0.00415117 -38449
0.00419148 -39349.6
0.00423178 -40275.3
0.00427208 -41226.9
0.00431238 -42205.1
0.00435269 -43210.8
0.00439299 -44244.9
0.00443329 -45308.1
0.00447359 -46401.3
0.0045139 -47525.5
0.0045542 -48681.5
0.0045945 -49870.5
0.00463481 -51093.3
0.00467511 -52351.1
0.00471541 -53644.9
0.00475571 -54975.8
0.00479602 -56345.1
0.00483632 -57753.8
0.00487662 -59203.3
0.00491692 -60694.8
0.00495723 -62229.6
0.00499753 -63809.2
0.00503783 -65435
0.00507813 -67108.4
0.00511844 -68830.9
0.00515874 -70604.3
0.00519904 -72430
0.00523935 -74309.9
0.00527965 -76245.6
0.00531995 -78239
0.00536025 -80292.1
0.00540056 -82406.8
0.00544086 -84585.1
0.00548116 -86829.2
0.00552146 -89141.3
0.00556177 -91523.6
0.00560207 -93978.6
0.00564237 -96508.8
0.00568267 -99116.7
0.00572298 -101805
0.00576328 -104576
0.00580358 -107434
0.00584388 -110381
0.00588419 -113420
0.00592449 -116554
0.00596479 -119787
0.0060051 -123123
0.0060454 -126565
0.0060857 -130117
0.006126 -133784
0.00616631 -137568
0.00620661 -141476
0.00624691 -145511
0.00628721 -149677
0.00632752 -153982
0.00636782 -158428
0.00640812 -163023
0.00644842 -167772
0.00648873 -172681
0.00652903 -177756
0.00656933 -183004
0.00660964 -188433
0.00664994 -194049
0.00669024 -199860
0.00673054 -205876
0.00677085 -212103
0.00681115 -218553
0.00685145 -225233
0.00689175 -232156
0.00693206 -239331
0.00697236 -246769
0.00701266 -254484
0.00705296 -262488
0.00709327 -270795
0.00713357 -279419
0.00717387 -288377
0.00721418 -297683
0.00725448 -307358
0.00729478 -317418
0.00733508 -327885
0.00737539 -338779
0.00741569 -350125
0.00745599 -361946
0.00749629 -374270
0.0075366 -387125
0.0075769 -400542
0.0076172 -414554
0.0076575 -429196
0.00769781 -444509
0.00773811 -460532
0.00777841 -477312
0.00781871 -494897
0.00785902 -513340
0.00789932 -532699
0.00793962 -553037
0.00797993 -574422
0.00802023 -596928
0.00806053 -620635
0.00810083 -645633
0.00814114 -672018
0.00818144 -699894
0.00822174 -729378
0.00826204 -760596
0.00830235 -793687
0.00834265 -828804
0.00838295 -866112
0.00842325 -905797
0.00846356 -948061
0.00850386 -993127
0.00854416 -1.04124e+06
0.00858447 -1.09267e+06
0.00862477 -1.14772e+06
0.00866507 -1.20672e+06
0.00870537 -1.27003e+06
0.00874568 -1.33806e+06
0.00878598 -1.41126e+06
0.00882628 -1.49011e+06
0.00886658 -1.57518e+06
0.00890689 -1.66706e+06
0.00894719 -1.76645e+06
0.00898749 -1.87407e+06
0.00902779 -1.99077e+06
0.0090681 -2.11748e+06
0.0091084 -2.25522e+06
0.0091487 -2.40514e+06
0.00918901 -2.56851e+06
0.00922931 -2.74676e+06
0.00926961 -2.94145e+06
0.00930991 -3.15436e+06
0.00935022 -3.38744e+06
0.00939052 -3.64288e+06
0.00943082 -3.92313e+06
0.00947112 -4.2309e+06
0.00951143 -4.56923e+06
0.00955173 -4.94152e+06
0.00959203 -5.35156e+06
0.00963233 -5.80356e+06
0.00967264 -6.30226e+06
0.00971294 -6.85293e+06
0.00975324 -7.46147e+06
0.00979355 -8.13448e+06
0.00983385 -8.87931e+06
0.00987415 -9.70419e+06
0.00991445 -1.06183e+07
0.00995476 -1.1632e+07
0.00999506 -5.34614e+09
0.00999753 10
