0 0
4.03027e-05 0
8.06053e-05 0
0.000120908 0
0.000161211 0
0.000201513 0
0.000241816 0
0.000282119 0
0.000322421 0
0.000362724 0
0.000403027 0
0.000443329 0
0.000483632 0
0.000523935 0
0.000564237 0
0.00060454 0
0.000644842 0
0.000685145 0
0.000725448 0
0.00076575 0
0.000806053 0
0.000846356 0
0.000886658 0
0.000926961 0
0.000967264 0
0.00100757 0
0.00104787 0
0.00108817 0
0.00112847 0
0.00116878 0
0.00120908 0
0.00124938 0
0.00128968 0
0.00132999 0
0.00137029 0
0.00141059 0
0.0014509 0
0.0014912 0
0.0015315 0
0.0015718 0
0.00161211 0
0.00165241 0
0.00169271 0
0.00173301 0
0.00177332 0
0.00181362 0
0.00185392 0
0.00189422 0
0.00193453 0
0.00197483 0
0.00201513 0
0.00205544 0
0.00209574 0
0.00213604 0
0.00217634 0
0.00221665 0
0.00225695 0
0.00229725 0
0.00233755 0
0.00237786 0
0.00241816 0
0.00245846 0
0.00249876 0
0.00253907 0
0.00257937 0
0.00261967 0
0.00265998 0
0.00270028 0
0.00274058 0
0.00278088 0
0.00282119 0
0.00286149 0
0.00290179 0
0.00294209 0
0.0029824 0
0.0030227 0
0.003063 0
0.0031033 0
0.00314361 0
0.00318391 0
0.00322421 0
0.00326452 0
0.00330482 0
0.00334512 0
0.00338542 0
0.00342573 0
0.00346603 0
0.00350633 0
0.00354663 0
0.00358694 0
0.00362724 0
0.00366754 0
0.00370784 0
0.00374815 0
0.00378845 0
0.00382875 0
0.00386905 0
0.00390936 0
0.00394966 0
0.00398996 0
0.00403027 0
0.00407057 0
0.00411087 0
0.00415117 0
0.00419148 0
0.00423178 0
0.00427208 0
0.00431238 0
0.00435269 0
0.00439299 0
0.00443329 0
0.00447359 0
0.0045139 0
0.0045542 0
0.0045945 0
0.00463481 0
0.00467511 0
0.00471541 0
0.00475571 0
0.00479602 0
0.00483632 0
0.00487662 0
0.00491692 0
0.00495723 0
0.00499753 0
0.00503783 0
0.00507813 0
0.00511844 0
0.00515874 0
0.00519904 0
0.00523935 0
0.00527965 0
0.00531995 0
0.00536025 0
0.00540056 0
0.00544086 0
0.00548116 0
0.00552146 0
0.00556177 0
0.00560207 0
0.00564237 0
0.00568267 0
0.00572298 0
0.00576328 0
0.00580358 0
0.00584388 0
0.00588419 0
0.00592449 0
0.00596479 0
0.0060051 0
0.0060454 0
0.0060857 0
0.006126 0
0.00616631 0
0.00620661 0
0.00624691 0
0.00628721 0
0.00632752 0
0.00636782 0
0.00640812 0
0.00644842 0
0.00648873 0
0.00652903 0
0.00656933 0
0.00660964 0
0.00664994 0
0.00669024 0
0.00673054 0
0.00677085 0
0.00681115 0
0.00685145 0
0.00689175 0
0.00693206 0
0.00697236 0
0.00701266 0
0.00705296 0
0.00709327 0
0.00713357 0
0.00717387 0
0.00721418 0
0.00725448 0
0.00729478 0
0.00733508 0
0.00737539 0
0.00741569 0
0.00745599 0
0.00749629 0
0.0075366 0
0.0075769 0
0.0076172 0
0.0076575 0
0.00769781 0
0.00773811 0
0.00777841 0
0.00781871 0
0.00785902 0
0.00789932 0
0.00793962 0
0.00797993 0
0.00802023 0
0.00806053 0
0.00810083 0
0.00814114 0
0.00818144 0
0.00822174 0
0.00826204 0
0.00830235 0
0.00834265 0
0.00838295 0
0.00842325 0
0.00846356 0
0.00850386 0
0.00854416 0
0.00858447 0
0.00862477 0
0.00866507 0
0.00870537 0
0.00874568 0
0.00878598 0
0.00882628 0
0.00886658 0
0.00890689 0
0.00894719 0
0.00898749 0
0.00902779 0
0.0090681 0
0.0091084 0
0.0091487 0
0.00918901 0
0.00922931 0
0.00926961 0
0.00930991 0
0.00935022 0
0.00939052 0
0.00943082 0
0.00947112 0
0.00951143 0
0.00955173 0
0.00959203 0
0.00963233 0
0.00967264 0
0.00971294 0
0.00975324 0
0.00979355 0
0.00983385 0
0.00987415 0
0.00991445 0
0.00995476 0
0.00999506 0
0.00999753 0
0.01 0
