0 1499.93
4.03027e-05 1499.93
8.06053e-05 1499.93
0.000120908 1499.93
0.000161211 1499.93
0.000201513 1499.93
0.000241816 1499.93
0.000282119 1499.93
0.000322421 1499.93
0.000362724 1499.93
0.000403027 1499.93
0.000443329 1499.93
0.000483632 1499.93
0.000523935 1499.93
0.000564237 1499.93
0.00060454 1499.93
0.000644842 1499.93
0.000685145 1499.93
0.000725448 1499.93
0.00076575 1499.93
0.000806053 1499.93
0.000846356 1499.93
0.000886658 1499.93
0.000926961 1499.93
0.000967264 1499.93
0.00100757 1499.93
0.00104787 1499.92
0.00108817 1499.92
0.00112847 1499.92
0.00116878 1499.92
0.00120908 1499.92
0.00124938 1499.92
0.00128968 1499.92
0.00132999 1499.92
0.00137029 1499.92
0.00141059 1499.92
0.0014509 1499.92
0.0014912 1499.92
0.0015315 1499.92
0.0015718 1499.92
0.00161211 1499.92
0.00165241 1499.92
0.00169271 1499.92
0.00173301 1499.92
0.00177332 1499.92
0.00181362 1499.92
0.00185392 1499.92
0.00189422 1499.92
0.00193453 1499.92
0.00197483 1499.92
0.00201513 1499.92
0.00205544 1499.92
0.00209574 1499.92
0.00213604 1499.92
0.00217634 1499.92
0.00221665 1499.92
0.00225695 1499.92
0.00229725 1499.92
0.00233755 1499.92
0.00237786 1499.92
0.00241816 1499.91
0.00245846 1499.91
0.00249876 1499.91
0.00253907 1499.91
0.00257937 1499.91
0.00261967 1499.91
0.00265998 1499.91
0.00270028 1499.91
0.00274058 1499.91
0.00278088 1499.91
0.00282119 1499.91
0.00286149 1499.91
0.00290179 1499.91
0.00294209 1499.91
0.0029824 1499.91
0.0030227 1499.91
0.003063 1499.91
0.0031033 1499.91
0.00314361 1499.9
0.00318391 1499.9
0.00322421 1499.9
0.00326452 1499.9
0.00330482 1499.9
0.00334512 1499.9
0.00338542 1499.9
0.00342573 1499.9
0.00346603 1499.9
0.00350633 1499.9
0.00354663 1499.9
0.00358694 1499.9
0.00362724 1499.9
0.00366754 1499.89
0.00370784 1499.89
0.00374815 1499.89
0.00378845 1499.89
0.00382875 1499.89
0.00386905 1499.89
0.00390936 1499.89
0.00394966 1499.89
0.00398996 1499.89
0.00403027 1499.89
0.00407057 1499.88
0.00411087 1499.88
0.00415117 1499.88
0.00419148 1499.88
0.00423178 1499.88
0.00427208 1499.88
0.00431238 1499.88
0.00435269 1499.88
0.00439299 1499.87
0.00443329 1499.87
0.00447359 1499.87
0.0045139 1499.87
0.0045542 1499.87
0.0045945 1499.87
0.00463481 1499.87
0.00467511 1499.86
0.00471541 1499.86
0.00475571 1499.86
0.00479602 1499.86
0.00483632 1499.86
0.00487662 1499.86
0.00491692 1499.85
0.00495723 1499.85
0.00499753 1499.85
0.00503783 1499.85
0.00507813 1499.85
0.00511844 1499.84
0.00515874 1499.84
0.00519904 1499.84
0.00523935 1499.84
0.00527965 1499.84
0.00531995 1499.83
0.00536025 1499.83
0.00540056 1499.83
0.00544086 1499.83
0.00548116 1499.82
0.00552146 1499.82
0.00556177 1499.82
0.00560207 1499.82
0.00564237 1499.81
0.00568267 1499.81
0.00572298 1499.81
0.00576328 1499.81
0.00580358 1499.8
0.00584388 1499.8
0.00588419 1499.8
0.00592449 1499.79
0.00596479 1499.79
0.0060051 1499.79
0.0060454 1499.78
0.0060857 1499.78
0.006126 1499.78
0.00616631 1499.77
0.00620661 1499.77
0.00624691 1499.76
0.00628721 1499.76
0.00632752 1499.76
0.00636782 1499.75
0.00640812 1499.75
0.00644842 1499.74
0.00648873 1499.74
0.00652903 1499.73
0.00656933 1499.73
0.00660964 1499.72
0.00664994 1499.72
0.00669024 1499.71
0.00673054 1499.71
0.00677085 1499.7
0.00681115 1499.7
0.00685145 1499.69
0.00689175 1499.69
0.00693206 1499.68
0.00697236 1499.67
0.00701266 1499.67
0.00705296 1499.66
0.00709327 1499.65
0.00713357 1499.65
0.00717387 1499.64
0.00721418 1499.63
0.00725448 1499.63
0.00729478 1499.62
0.00733508 1499.61
0.00737539 1499.6
0.00741569 1499.59
0.00745599 1499.59
0.00749629 1499.58
0.0075366 1499.57
0.0075769 1499.56
0.0076172 1499.55
0.0076575 1499.54
0.00769781 1499.53
0.00773811 1499.52
0.00777841 1499.51
0.00781871 1499.5
0.00785902 1499.48
0.00789932 1499.47
0.00793962 1499.46
0.00797993 1499.45
0.00802023 1499.43
0.00806053 1499.42
0.00810083 1499.41
0.00814114 1499.39
0.00818144 1499.38
0.00822174 1499.36
0.00826204 1499.35
0.00830235 1499.33
0.00834265 1499.32
0.00838295 1499.3
0.00842325 1499.28
0.00846356 1499.26
0.00850386 1499.24
0.00854416 1499.22
0.00858447 1499.2
0.00862477 1499.18
0.00866507 1499.16
0.00870537 1499.14
0.00874568 1499.11
0.00878598 1499.09
0.00882628 1499.06
0.00886658 1499.04
0.00890689 1499.01
0.00894719 1498.98
0.00898749 1498.95
0.00902779 1498.92
0.0090681 1498.89
0.0091084 1498.85
0.0091487 1498.82
0.00918901 1498.78
0.00922931 1498.74
0.00926961 1498.7
0.00930991 1498.66
0.00935022 1498.61
0.00939052 1498.57
0.00943082 1498.52
0.00947112 1498.46
0.00951143 1498.41
0.00955173 1498.35
0.00959203 1498.29
0.00963233 1498.22
0.00967264 1498.15
0.00971294 1498.08
0.00975324 1498
0.00979355 1497.92
0.00983385 1497.83
0.00987415 1497.74
0.00991445 1497.64
0.00995476 1497.53
0.00999506 1497.41
0.00999753 1497.29
